1.054000000000000000e+03
1.053000000000000000e+03
1.047000000000000000e+03
4.320000000000000000e+02
4.380000000000000000e+02
4.430000000000000000e+02
1.042000000000000000e+03
1.043000000000000000e+03
1.046000000000000000e+03
4.380000000000000000e+02
4.310000000000000000e+02
4.420000000000000000e+02
1.044000000000000000e+03
1.018000000000000000e+03
1.036000000000000000e+03
4.370000000000000000e+02
4.350000000000000000e+02
4.400000000000000000e+02
1.040000000000000000e+03
1.026000000000000000e+03
1.035000000000000000e+03
4.360000000000000000e+02
4.260000000000000000e+02
4.400000000000000000e+02
1.037000000000000000e+03
1.048000000000000000e+03
1.034000000000000000e+03
4.370000000000000000e+02
4.440000000000000000e+02
4.440000000000000000e+02
1.036000000000000000e+03
1.043000000000000000e+03
1.025000000000000000e+03
4.450000000000000000e+02
4.350000000000000000e+02
4.290000000000000000e+02
1.058000000000000000e+03
1.036000000000000000e+03
1.044000000000000000e+03
4.380000000000000000e+02
4.440000000000000000e+02
4.330000000000000000e+02
1.034000000000000000e+03
1.045000000000000000e+03
1.037000000000000000e+03
4.310000000000000000e+02
4.300000000000000000e+02
4.460000000000000000e+02
1.044000000000000000e+03
1.031000000000000000e+03
1.052000000000000000e+03
4.320000000000000000e+02
4.340000000000000000e+02
4.340000000000000000e+02
1.041000000000000000e+03
1.046000000000000000e+03
1.048000000000000000e+03
4.350000000000000000e+02
4.370000000000000000e+02
4.330000000000000000e+02
1.044000000000000000e+03
1.038000000000000000e+03
1.056000000000000000e+03
4.400000000000000000e+02
4.370000000000000000e+02
4.240000000000000000e+02
1.053000000000000000e+03
1.039000000000000000e+03
1.030000000000000000e+03
4.240000000000000000e+02
4.240000000000000000e+02
4.360000000000000000e+02
1.053000000000000000e+03
1.045000000000000000e+03
1.046000000000000000e+03
4.360000000000000000e+02
4.410000000000000000e+02
4.360000000000000000e+02
1.036000000000000000e+03
1.044000000000000000e+03
1.042000000000000000e+03
4.320000000000000000e+02
4.360000000000000000e+02
4.310000000000000000e+02
1.048000000000000000e+03
1.051000000000000000e+03
1.041000000000000000e+03
4.360000000000000000e+02
4.340000000000000000e+02
4.380000000000000000e+02
1.053000000000000000e+03
1.036000000000000000e+03
1.025000000000000000e+03
4.290000000000000000e+02
4.360000000000000000e+02
4.350000000000000000e+02
1.046000000000000000e+03
1.022000000000000000e+03
1.040000000000000000e+03
4.350000000000000000e+02
4.450000000000000000e+02
4.250000000000000000e+02
1.043000000000000000e+03
1.059000000000000000e+03
1.033000000000000000e+03
4.320000000000000000e+02
4.410000000000000000e+02
4.330000000000000000e+02
1.036000000000000000e+03
1.039000000000000000e+03
1.062000000000000000e+03
4.380000000000000000e+02
4.320000000000000000e+02
4.410000000000000000e+02
1.044000000000000000e+03
1.042000000000000000e+03
1.025000000000000000e+03
4.320000000000000000e+02
4.280000000000000000e+02
4.260000000000000000e+02
1.035000000000000000e+03
1.040000000000000000e+03
1.043000000000000000e+03
4.310000000000000000e+02
4.330000000000000000e+02
4.350000000000000000e+02
1.043000000000000000e+03
1.048000000000000000e+03
1.040000000000000000e+03
4.220000000000000000e+02
4.290000000000000000e+02
4.340000000000000000e+02
1.045000000000000000e+03
1.034000000000000000e+03
1.047000000000000000e+03
4.380000000000000000e+02
4.370000000000000000e+02
4.390000000000000000e+02
1.046000000000000000e+03
1.040000000000000000e+03
1.021000000000000000e+03
4.290000000000000000e+02
4.300000000000000000e+02
4.260000000000000000e+02
1.039000000000000000e+03
1.031000000000000000e+03
1.030000000000000000e+03
4.250000000000000000e+02
4.360000000000000000e+02
4.350000000000000000e+02
1.023000000000000000e+03
1.029000000000000000e+03
1.020000000000000000e+03
4.310000000000000000e+02
4.300000000000000000e+02
4.350000000000000000e+02
1.022000000000000000e+03
1.020000000000000000e+03
1.001000000000000000e+03
4.250000000000000000e+02
4.360000000000000000e+02
4.330000000000000000e+02
1.028000000000000000e+03
1.018000000000000000e+03
1.031000000000000000e+03
4.280000000000000000e+02
4.390000000000000000e+02
4.410000000000000000e+02
1.012000000000000000e+03
1.031000000000000000e+03
1.024000000000000000e+03
4.430000000000000000e+02
4.280000000000000000e+02
4.300000000000000000e+02
1.018000000000000000e+03
1.015000000000000000e+03
1.038000000000000000e+03
4.240000000000000000e+02
4.310000000000000000e+02
4.300000000000000000e+02
1.034000000000000000e+03
1.055000000000000000e+03
1.020000000000000000e+03
4.310000000000000000e+02
4.280000000000000000e+02
4.310000000000000000e+02
9.980000000000000000e+02
1.021000000000000000e+03
1.037000000000000000e+03
4.290000000000000000e+02
4.430000000000000000e+02
4.320000000000000000e+02
1.031000000000000000e+03
1.032000000000000000e+03
1.037000000000000000e+03
4.300000000000000000e+02
4.260000000000000000e+02
4.340000000000000000e+02
1.024000000000000000e+03
1.021000000000000000e+03
1.016000000000000000e+03
4.270000000000000000e+02
4.260000000000000000e+02
4.260000000000000000e+02
1.015000000000000000e+03
1.038000000000000000e+03
1.032000000000000000e+03
4.330000000000000000e+02
4.310000000000000000e+02
4.360000000000000000e+02
1.014000000000000000e+03
1.012000000000000000e+03
1.007000000000000000e+03
4.330000000000000000e+02
4.210000000000000000e+02
4.310000000000000000e+02
1.031000000000000000e+03
1.016000000000000000e+03
1.022000000000000000e+03
4.280000000000000000e+02
4.320000000000000000e+02
4.270000000000000000e+02
1.033000000000000000e+03
1.014000000000000000e+03
1.018000000000000000e+03
4.340000000000000000e+02
4.350000000000000000e+02
4.290000000000000000e+02
1.038000000000000000e+03
1.039000000000000000e+03
1.042000000000000000e+03
4.320000000000000000e+02
4.280000000000000000e+02
4.450000000000000000e+02
1.032000000000000000e+03
1.024000000000000000e+03
1.020000000000000000e+03
4.320000000000000000e+02
4.320000000000000000e+02
4.360000000000000000e+02
1.036000000000000000e+03
1.022000000000000000e+03
1.024000000000000000e+03
4.320000000000000000e+02
4.320000000000000000e+02
4.370000000000000000e+02
1.026000000000000000e+03
1.034000000000000000e+03
1.019000000000000000e+03
4.340000000000000000e+02
4.280000000000000000e+02
4.310000000000000000e+02
1.030000000000000000e+03
1.022000000000000000e+03
1.041000000000000000e+03
4.340000000000000000e+02
4.290000000000000000e+02
4.320000000000000000e+02
1.009000000000000000e+03
1.017000000000000000e+03
1.023000000000000000e+03
4.350000000000000000e+02
4.320000000000000000e+02
4.300000000000000000e+02
1.025000000000000000e+03
1.012000000000000000e+03
1.035000000000000000e+03
4.400000000000000000e+02
4.360000000000000000e+02
4.410000000000000000e+02
1.012000000000000000e+03
1.025000000000000000e+03
1.025000000000000000e+03
4.310000000000000000e+02
4.300000000000000000e+02
4.320000000000000000e+02
1.015000000000000000e+03
1.019000000000000000e+03
1.012000000000000000e+03
4.390000000000000000e+02
4.340000000000000000e+02
4.290000000000000000e+02
1.035000000000000000e+03
1.019000000000000000e+03
1.020000000000000000e+03
4.270000000000000000e+02
4.260000000000000000e+02
4.360000000000000000e+02
1.008000000000000000e+03
1.009000000000000000e+03
1.001000000000000000e+03
4.310000000000000000e+02
4.190000000000000000e+02
4.280000000000000000e+02
1.011000000000000000e+03
1.018000000000000000e+03
1.003000000000000000e+03
4.260000000000000000e+02
4.230000000000000000e+02
4.250000000000000000e+02
1.027000000000000000e+03
9.930000000000000000e+02
1.009000000000000000e+03
4.160000000000000000e+02
4.270000000000000000e+02
4.270000000000000000e+02
1.015000000000000000e+03
1.026000000000000000e+03
1.024000000000000000e+03
4.140000000000000000e+02
4.250000000000000000e+02
4.240000000000000000e+02
1.009000000000000000e+03
1.018000000000000000e+03
1.022000000000000000e+03
4.180000000000000000e+02
4.270000000000000000e+02
4.220000000000000000e+02
9.960000000000000000e+02
1.014000000000000000e+03
1.010000000000000000e+03
4.340000000000000000e+02
4.180000000000000000e+02
4.180000000000000000e+02
1.023000000000000000e+03
1.013000000000000000e+03
1.013000000000000000e+03
4.220000000000000000e+02
4.190000000000000000e+02
4.300000000000000000e+02
1.016000000000000000e+03
1.019000000000000000e+03
9.950000000000000000e+02
4.300000000000000000e+02
4.230000000000000000e+02
4.290000000000000000e+02
1.017000000000000000e+03
1.027000000000000000e+03
1.019000000000000000e+03
4.270000000000000000e+02
4.240000000000000000e+02
4.190000000000000000e+02
1.018000000000000000e+03
9.930000000000000000e+02
1.019000000000000000e+03
4.250000000000000000e+02
4.180000000000000000e+02
4.170000000000000000e+02
1.021000000000000000e+03
1.015000000000000000e+03
1.025000000000000000e+03
4.200000000000000000e+02
4.140000000000000000e+02
4.060000000000000000e+02
1.003000000000000000e+03
1.011000000000000000e+03
1.008000000000000000e+03
4.130000000000000000e+02
4.070000000000000000e+02
4.240000000000000000e+02
9.920000000000000000e+02
1.030000000000000000e+03
1.014000000000000000e+03
4.260000000000000000e+02
4.230000000000000000e+02
4.270000000000000000e+02
1.024000000000000000e+03
1.015000000000000000e+03
1.014000000000000000e+03
4.170000000000000000e+02
4.260000000000000000e+02
4.310000000000000000e+02
1.019000000000000000e+03
1.017000000000000000e+03
1.012000000000000000e+03
4.210000000000000000e+02
4.170000000000000000e+02
4.250000000000000000e+02
1.012000000000000000e+03
9.970000000000000000e+02
1.017000000000000000e+03
4.250000000000000000e+02
4.180000000000000000e+02
4.230000000000000000e+02
1.023000000000000000e+03
1.018000000000000000e+03
1.004000000000000000e+03
4.230000000000000000e+02
4.350000000000000000e+02
4.130000000000000000e+02
1.019000000000000000e+03
1.014000000000000000e+03
1.012000000000000000e+03
4.100000000000000000e+02
4.200000000000000000e+02
4.230000000000000000e+02
1.022000000000000000e+03
1.013000000000000000e+03
1.023000000000000000e+03
4.190000000000000000e+02
4.190000000000000000e+02
4.320000000000000000e+02
1.019000000000000000e+03
1.013000000000000000e+03
1.013000000000000000e+03
4.230000000000000000e+02
4.210000000000000000e+02
4.040000000000000000e+02
1.018000000000000000e+03
1.030000000000000000e+03
1.004000000000000000e+03
4.320000000000000000e+02
4.150000000000000000e+02
4.250000000000000000e+02
9.970000000000000000e+02
1.003000000000000000e+03
1.009000000000000000e+03
4.150000000000000000e+02
4.220000000000000000e+02
4.220000000000000000e+02
1.018000000000000000e+03
1.012000000000000000e+03
1.019000000000000000e+03
4.150000000000000000e+02
4.310000000000000000e+02
4.200000000000000000e+02
1.019000000000000000e+03
1.012000000000000000e+03
1.015000000000000000e+03
4.180000000000000000e+02
4.210000000000000000e+02
4.230000000000000000e+02
